[det4_bg.jpg]
moddate=ed124927227cd301
width=1024
height=598
text=1;162;33;КАРТИНКА ТЕСТОВАЯ;Comic Sans MS;0.117624,0.741931,0.122212,5.831485;v1,4294967295,4294967295,128.000000,1.000000,0.000000,1.000000,400,0,49152;;
textactive=1
