[help1.jpg]
filters=autocolor=1;Vignette=1,5.263158,1.561404,0.000000,ff090400;
moddate=65ebcb82f675d301
width=700
height=400
textactive=0
[help2.jpg]
filters=Vignette=1,5.847953,2.000000,13.450292,00000000;
moddate=c0710e96f675d301
width=700
height=400
textactive=0
[help3.jpg]
filters=Vignette=1,4.385965,2.000000,2.923977,00000000;
moddate=3f6a64a2f675d301
width=700
height=400
textactive=0
[help4.jpg]
filters=Vignette=1,3.801170,2.000000,0.000000,00000000;
moddate=928a56adf675d301
width=700
height=400
textactive=0
[help4.1.jpg]
filters=Vignette=1,7.017544,2.000000,0.000000,00000000;
moddate=233f482f1680d301
width=700
height=400
text=4;143;14;Главная;Comic Sans MS;0.569987,0.091886,0.099057,0.000000;v1,4289790009,4289790009,128.000000,1.000000,0.500000,1.000000,400,2,49152;;147;18;Разгадать;Comic Sans MS;0.437449,0.388383,0.083868,6.283185;v1,4289790009,4289790009,128.000000,1.000000,0.500000,1.000000,400,2,49152;;164;35;Увеличить картинку;Comic Sans MS;0.365200,0.584639,0.072962,6.283185;v1,4289790009,4289790009,128.000000,1.000000,0.500000,1.000000,400,2,49152;;141;12;Помощь;Comic Sans MS;0.561330,0.742113,0.064988,0.000000;v1,4289790009,4289790009,128.000000,1.000000,0.500000,1.000000,400,2,49152;;
textactive=1
