[help1.jpg]
filters=autocolor=1;Vignette=1,5.263158,1.561404,0.000000,ff090400;
moddate=65ebcb82f675d301
width=700
height=400
textactive=0
[help2.jpg]
filters=Vignette=1,5.847953,2.000000,13.450292,00000000;
moddate=c0710e96f675d301
width=700
height=400
textactive=0
[help3.jpg]
filters=Vignette=1,4.385965,2.000000,2.923977,00000000;
moddate=3f6a64a2f675d301
width=700
height=400
textactive=0
[help4.jpg]
filters=Vignette=1,3.801170,2.000000,0.000000,00000000;
moddate=928a56adf675d301
width=700
height=400
textactive=0
